structure(c(41, 41, 41, 41, 41, 41, 45, 62, 198, 258, 303, 365, 495, 572, 618, 618), .Tsp = c(11, 26, 1), class = "ts")